kinematics:
  shoulder:
    x: 0
    y: 0
    z: 0.1282922125813975
    roll: -0
    pitch: 0
    yaw: -2.512540748442205e-06
  upper_arm:
    x: -5.328799475005302e-05
    y: 0
    z: 0
    roll: 1.570427142862719
    pitch: 0
    yaw: 2.076471202908649e-05
  forearm:
    x: -0.6127284608274506
    y: 0
    z: 0
    roll: 3.137533337259734
    pitch: 3.140751481821935
    yaw: -3.141517651930296
  wrist_1:
    x: -0.5714847667011161
    y: 0.0003365482948619733
    z: 0.1636641403446979
    roll: 3.139536321519811
    pitch: -3.141180813423813
    yaw: 3.141575597850986
  wrist_2:
    x: 4.846863724117635e-05
    y: -0.1156638646047912
    z: -0.00020548913299911
    roll: 1.572572931074068
    pitch: 0
    yaw: -6.676163588722334e-05
  wrist_3:
    x: 7.429858153297111e-05
    y: 0.09211999404598385
    z: 1.71559201483571e-05
    roll: 1.57098256128316
    pitch: 3.141592653589793
    yaw: -3.141528490101437
  hash: calib_6095243785732213278